L: 1.00000000 0.00000000
U: 0.80000000 0.20000000
U: 0.80000000 0.20000000
U: 0.80000000 0.20000000
L: 0.00000000 1.00000000
U: 0.20000000 0.80000000
U: 0.20000000 0.80000000
U: 0.20000000 0.80000000
